2147483647C
0 0
226936 1
24403 1
8079 1
18908 1
16356 1
30374 1
3923 1
12844 1
24056 1
7379 1
265399 1
266741 1
19897 1
26475 1
17941 1
241182 1
239849 1
12551 1
249983 1
256357 1
20547 1
35432 1
5644 1
16123 1
19395 1
15998 1
14947 1
17753 1
9462 1
19846 1
5064 1
20799 1
16561 1
18875 1
17949 1
22267 1
15147 1
11292 1
14970 1
2673 1
2673 1
2691 1
25142 1
24986 1
26629 1
22273 1
12188 1
19608 1
47090 1
18810 1
14164 1
7285 1
25655 1
14333 1
20541 1
30174 1
35758 1
12587 1
21146 1
46333 1
4485 1
25356 1
